[2493. 2713.] [2236. 2452.]
[1785. 2368.] [2231. 2364.]
[1910. 2261.] [1674. 2308.]
[1272. 2437.] [2789. 2488.]
[1649. 2701.] [ 553.2    1135.2001]
[1960. 2532.] [2306. 2416.]
[ 842. 3162.] [1857. 3201.]
[1185. 3071.] [2214. 3158.]
[1994. 2532.] [2228. 2392.]
[ 844. 3159.] [1861. 3201.]
[ 841. 3158.] [1857. 3199.]
[1984. 2524.] [2178. 2256.]
[1963. 2395.] [2231. 2493.]
[1895. 2148.] [1617. 2196.]
[2693. 2336.] [ 487.71085 2040.4229 ]
[1548. 2957.] [2561. 2958.]
[1230. 2463.] [2001. 2454.]
[1970. 2689.] [2264. 2398.]
[1984. 2526.] [2245. 2444.]
[1637. 2155.] [ 824.2561 1717.6322]
[2030. 2422.] [ 967. 2058.]
[2145. 2612.] [ 938.79364 1501.3531 ]
[1987. 2573.] [2003. 2480.]
[1538. 2948.] [2584.8 2974.8]
[1302. 2972.] [ 364.60803 1703.8081 ]
[1787. 2637.] [2020. 2237.]
[ 932. 3176.] [1954. 3217.]
[1540. 2953.] [ 922. 2066.]
[ 424. 3175.] [1503.6001 3110.4001]
[1507. 2931.] [ 336. 1398.]
[1844. 2142.] [2868. 2092.]
[2443. 2773.] [1013.76   1693.4401]
[2462. 2850.] [2670. 2614.]
[2537. 2875.] [2061. 2241.]
[2319. 2728.] [2209. 2590.]
[1265. 2564.] [1995. 2584.]
[1961. 2518.] [2917. 2568.]
[1184. 3066.] [2206. 3157.]
[1585. 2651.] [ 512.64   2060.6401]
[1998. 2396.] [2016. 2446.]
[  64. 1635.] [1486.0801 3091.6802]
[2223. 2930.] [2079. 2424.]
[2842. 2674.] [2429. 2616.]
[2032. 2478.] [2186. 2440.]
[1227. 2228.] [2021. 2447.]
[2355. 2659.] [1677. 2425.]
[1967. 2728.] [2301. 2553.]
[1644. 2662.] [1660.8 2296.8]
[2442. 2944.] [2055. 2576.]
[2149. 2515.] [2422. 2638.]
[1917. 2449.] [2010. 2622.]
[1675. 2153.] [2677.2002 2118.    ]
[ 859.2    2227.2002] [1834.8    2252.4001]
[ 424.80002 3174.0002 ] [1456.8    3210.0002]
[1143.6001 3068.4001] [2169.6 3105.6]
[1498.8    2905.2002] [1470.     2786.4001]
[1494.     2954.4001] [ 481.2 2172. ]
[1507.2001 2931.6   ] [2550. 2958.]
[1183.2001 3111.6   ] [2211.84   3152.1602]
[1182.     3116.4001] [2212.8    3157.2002]
[ 742.80005 2995.2002 ] [ 432.9678 1266.0576]
[ 164.40001 1790.4    ] [ 357.12003 1411.2001 ]
[1172.4    3086.4001] [1835.1362 2249.8562]
[ 932.4    3176.4001] [1954.8    3217.2002]
[ 865.2 3177.6] [1888.7042 3215.8083]
[1537.2001 2947.2002] [2584.8  2975.04]
[2396.4001 2337.6   ] [2653. 2032.]
[1507.2001 2934.    ] [2550.24 2957.76]
[1531.2001 2946.    ] [ 768.9601 2139.2642]
[2966.4001 2772.    ] [1472.6877 3210.531 ]
[1898.4 2745.6] [2586.8162 2951.4243]
[1894.8 2148. ] [2079. 2834.]
[1542.0001 2926.8   ] [2587.6802 2952.    ]
[1648.8    2701.2002] [ 586.08   1926.7201]
[1150.8    3068.4001] [1130.4 2044.8]
[2443.2002 2773.2002] [2703. 2427.]
[ 841.2    3162.0002] [1148.4    1830.0001]
[ 132.  1394.4] [2211.6    2858.4001]
[ 844.80005 3121.2002 ] [1863.3601 3157.9202]
[ 210.00002 1785.6001 ] [ 644.47504 2234.512  ]
[1638.0001 2154.    ] [1638. 2214.]
[1195.2001 2893.2002] [ 825.12006 1703.52   ]
[ 843.60004 3159.6    ] [1860.0001 3200.4001]
[1203.6001 3093.6   ] [ 444.91174 1988.6659 ]
[1150.8 3064.8] [2175.6 3100.8]
[1143.6001 2852.4001] [1164.6721 1836.8641]
[1143.6001 3138.0002] [2200.8 3130.8]
[1341.6001 2982.    ] [ 641.0881 2237.7603]
[  52.800003 1831.2001  ] [ 524.4    2858.4001]
[ 951.60004 3102.0002 ] [1971.6001 3138.0002]
[1675.2001 2152.8   ] [1616.4 2196. ]
[  99.600006 1365.6001  ] [ 594.72003 1092.9601 ]
[1141.2001 3127.2002] [2168.4001 3165.6   ]
[1184.4 3066. ] [2210.4001 3102.0002]
[  52.800003 1408.8     ] [  99.600006 1461.6001  ]
[3296.4001 2824.8   ] [ 655.2577 2193.8691]
[1644.0001 2661.6   ] [1654. 2436.]
[ 216.00002 2058.     ] [  99. 1462.]
[ 686.4 2172. ] [1666.8 2211.6]
[ 514.80005 2198.4001 ] [1509. 2248.]
[2969.28   2672.6401] [ 222.15727 1483.4373 ]
[ 685.44   2172.9602] [1666.0801 2211.84  ]
[ 845.28   3120.4802] [2198.8801 3130.56  ]
[ 842.4    3134.8801] [ 594.72003 1908.0001 ]
[ 682.56   2977.9202] [1686.2401 3009.6   ]
[2280.9602 2325.6   ] [ 589.732  1918.4951]
[ 185.76001 1769.76   ] [ 482. 2172.]
[ 462.24002 3055.6802 ] [1055. 1626.]
[1674.7201 2154.24  ] [2676.9602 2118.24  ]
[1637.28 2154.24] [1638.0001 2214.    ]
[1182.24 3111.84] [1888.3368 3210.531 ]
[3054.2402 2848.32  ] [ 641.9867 1637.315 ]
[1143.36 3064.32] [2167.2002 3100.32  ]
[ 842.4    3157.9202] [ 451.2    2007.6001]
[1136.16   3108.9602] [2161.7283 3150.1443]
[ 840.96 3160.8 ] [1859.04   3199.6802]
[ 948.96   3186.7202] [1971.6482 3227.9043]
[1332.   3172.32] [ 346.37424 1322.7913 ]
[1725.1201 3107.52  ] [1027. 1925.]
[ 424.80002 3173.76   ] [1457.28 3209.76]
[ 450.72003 3173.76   ] [2012.4    2911.2002]
[  63.36   3055.6802] [1503.3601 3110.4001]
[2080.8    2144.1602] [1180.8    1836.0001]
[ 865.44006 3176.6401 ] [ 407.52002 2856.9602 ]
[1594.0801 2656.8   ] [1173.6001 1840.3201]
[3237.12   2689.9202] [ 708.48004 2010.2401 ]
[ 470.88 3183.84] [1157.7601 1828.2241]
[ 738.72003 3034.08   ] [1745.28   3068.6401]
[ 168.48001 1794.2401 ] [1163.2898 1837.2098]
[ 950.4  3101.76] [1971.3601 3137.76  ]
[ 462.24002 3179.52   ] [ 701.7064 1821.4507]
[1519.2001 2953.4402] [2562.6243 2982.5283]
[ 544.32 3093.12] [1556.4 3129.6]
[1494.7201 2953.4402] [1054.8    1626.0001]
[ 470.88   3091.6802] [1137. 1771.]
[1542.2401 2926.08  ] [ 159.6    1171.2001]
[1684.8    3090.2402] [ 725.76013 2164.8386 ]
[3350.8801 2833.9202] [ 774.72003 2116.8    ]
[1506.2401 2924.6401] [1791.9362 2332.8003]
[ 532.80005 3081.6    ] [ 891. 1390.]
[ 541.44   3074.4001] [1550.88   3110.4001]
[1884.9601 2406.24  ] [1487.52 3173.76]
[1536.4801 2947.6802] [2805. 2502.]
[2409.12 4284.  ] [ 808.80005 1549.2001 ]
[1143.36   3067.2002] [2162.4001 3154.8   ]
[ 855.36005 3067.2002 ] [1876.6082 3100.0322]
[1507.68 2931.84] [ 876.96 1808.64]
[1183.68 3065.76] [ 832.32 1523.52]
[ 743.04004 2995.2002 ] [1746.7201 3026.8801]
[ 617.76 3029.76] [1624.8 3066. ]
[1638.1442 2154.8162] [1180.8    1838.8801]
[3366.1443 2935.8723] [2596.8    2984.4001]
[ 584.064  2920.3203] [ 753. 1974.]
[ 184.89601 1776.3842 ] [1174. 1840.]
[ 737.8561 3034.3684] [1745.2802 3068.9282]
[  57.024006 1845.5042  ] [1000.5121 1525.8241]
[  84.672005 1387.5841  ] [1672. 3030.]
[2265.4082 1772.9282] [1774.1726 1935.9135]
[1135.2961 3112.1282] [ 982.88666 2796.8723 ]
[ 948.6721 3186.4324] [1197.6001 1824.0001]
[1332.2881 3172.6084] [1085.7041 3088.703 ]
[1536.1921 2947.9683] [2583.3604 2973.8882]
[ 471.74405 3184.7043 ] [ 964.2241 1596.6722]
[ 425.08804 3174.3362 ] [1458.4321 3208.8962]
[ 551.23206 3086.2083 ] [1562.1122 3122.4963]
[1674.4321 2154.8162] [2676.6724 2118.5283]
[1143.9362 3067.2002] [2166.912  3101.7603]
[ 618.6241 3030.9124] [1624.3202 3065.4724]
[  57.024006 1842.0482  ] [1486.8    3090.0002]
[1181.9521 3113.8562] [2213.568  3155.3284]
[ 950.4001 3101.7603] [1969.9203 3137.3572]
[2980.8003 2477.9521] [ 525.5333 1179.464 ]
[ 933.1201 3176.0642] [ 462.00003 1974.0001 ]
[3374.7844 2854.6562] [1889.0499 3214.0806]
[ 841.5361 3160.5122] [1859.3281 3200.2563]
[ 684.2881 2173.8242] [1665.7921 2213.568 ]
[ 544.32007 3093.1204 ] [1555.2002 3129.4082]
[ 533.952  3081.0244] [1544.8322 3117.3123]
[ 461.37604 3179.5203 ] [ 702.30365 1823.8396 ]
[ 945.21606 3113.8562 ] [ 938.4    1632.0001]
[1531.0082 2946.2402] [ 823.2193 1716.941 ]
[3186.4324 4515.2646] [1549.7261 3111.3962]
[ 516.67206 2177.2803 ] [1510.2721 2227.392 ]
[1164.6721 3022.2722] [2187.6482 3054.4133]
[2970.4324 2673.2163] [1000.3049 1527.8289]
[1418.3427 3218.2275] [1058.4    1644.4801]
[1830.989  3241.0374] [1165.2001 1834.8   ]
[ 841.8817 3160.1667] [1857.9458 3199.5652]
[ 866.7649 3151.8726] [ 677.81854 1800.5488 ]
[3147.7253 1783.2963] [ 528.5193 2075.2595]
[ 464.48645 3056.4868 ] [ 938.88007 1559.52   ]
[ 682.2145 2979.7637] [1685.837  3010.8677]
[ 603.41766 2782.7715 ] [ 141.6    1447.2001]
[ 947.6353 3187.1235] [1971.9939 3226.522 ]
[ 545.3569 3091.738 ] [1555.2002 3129.0627]
[ 742.3489 2994.2788] [ 596.16003 1909.4402 ]
[ 933.1201 3174.6821] [1955.405 3216.154]
[ 462.41287 3176.7556 ] [ 701.56805 2016.5762 ]
[ 684.2881 2173.133 ] [2159. 2399.]
[3373.7476 2853.274 ] [1094. 1866.]
[1136.333  3110.4004] [2160.6914 3149.7988]
[ 184.55043 1772.9282 ] [1976.8322 3271.1042]
[1181.9521 3112.474 ] [2212.5315 3153.946 ]
[1287.7058 2994.2788] [ 701.7064 1821.4507]
[ 541.20966 3075.1492 ] [1551.053  3110.4004]
[ 487.29608 3075.1492 ] [1013.99054 2697.754  ]
[1181.9521 2469.658 ] [2166.9124 2480.026 ]
[ 617.93286 3029.53   ] [1625.7026 3064.7812]
[ 738.2017 3033.6772] [ 621.08484 1749.7871 ]
[1331.2513 3170.535 ] [1053. 2053.]
[ 624.1537 2625.178 ] [ 886.4641 2051.1362]
[1725.2355 3106.2532] [ 626.2273 1891.1234]
[1484.6978 3124.9155] [1487.8081 3174.3362]
[3316.9314 1744.3127] [ 831.2982 2106.911 ]
[ 848.51733 3117.8657 ] [1866.2405 3155.1904]
[1179.464 2468.414] [2167.3271 2480.8557]
[ 865.93555 3152.7021 ] [1887.1423 3189.0317]
[1497.969  2951.1482] [1190. 1844.]
[ 681.79987 2981.008  ] [1684.593  3013.3562]
[ 945.5618 3102.9358] [1968.2616 3137.7722]
[ 544.9422 3090.4941] [1555.2003 3127.819 ]
[1831.4039 3242.2817] [ 825. 1703.]
[ 534.98895 3080.5408 ] [1545.2471 3117.8657]
[ 539.9656 3075.5642] [1550.2238 3110.4006]
[ 485.2225 3075.5642] [1503.3601 3112.1282]
[ 450.38602 3175.0972 ] [2042. 2407.]
[1005.2815 3060.6343] [1486.0802 3091.3923]
[ 460.3393 3175.0972] [ 433.565  1268.4464]
[ 945.5618 3187.5386] [1970.7499 3227.3518]
[ 465.31595 3058.146  ] [ 499.68002 2064.96   ]
[ 736.5429 3033.2627] [ 622.08014 1751.7777 ]
[ 602.1736 2781.9424] [ 958.5011 1982.6938]
[1286.4618 2995.938 ] [2314.1382 3025.7979]
[ 537.47723 2976.0315 ] [ 372.     2378.4001]
[1124.721 2468.414] [1653.1201 2436.48  ]
[ 520.059  2976.0315] [1461.9382 3206.9478]
[1418.3428 3217.3984] [ 490.80002 2030.4    ]
[3314.443  1651.2496] [1774.6561 1937.0881]
[1836.3806 3254.7234] [ 642.8161 2235.341 ]
[ 680.80457 2980.013  ] [1684.0955 3012.8586]
[ 809.2019 2003.5958] [1776.6609 2040.4229]
[2248.4465 1949.848 ] [ 676.8232 1799.0558]
[ 943.57117 3186.046  ] [1967.764  3227.8496]
[1179.464  2469.4094] [2164.8389 2481.3533]
[ 426.99582 3171.116  ] [1458.1559 3207.4453]
[3320.415  1678.1234] [1797. 2979.]
[3147.228 1779.647] [ 707.0977 1996.8771]
[1415.3568 3254.7234] [1892.1602 3189.8882]
[ 483.72955 3075.5645 ] [ 297. 1569.]
[ 943.57117 3102.4382 ] [1964.778 3138.27 ]
[1286.9595 2991.9568] [2311.1523 3024.8025]
[ 851.0057 3114.382 ] [1866.8378 3149.617 ]
[ 934.6132 3174.1018] [1958.806  3212.9197]
[ 450.8837 3174.1018] [2227.2002 2391.6   ]
[1015.23486 3060.6345 ] [2030.4697 3096.4663]
[1003.2909 3060.6345] [2018.5258 3096.4663]
[ 895.7954 2627.6665] [1608.8486 2812.7979]
[ 534.4913 2974.0408] [ 568.512  1496.4481]
[1481.0485 3123.34  ] [1158.     1824.0001]
[3168.13  3141.256] [1487.0204 3174.1018]
[3318.0264 1745.0095] [ 678.0673 1797.8114]
[ 942.37683 3185.4487 ] [1967.1669 3228.4468]
[1010.4573 3045.7046] [ 326.40002 1684.8    ]
[1003.2909 3056.454 ] [2020.9146 3095.8691]
[ 935.21045 3174.6992 ] [1960.0005 3214.114 ]
[ 548.2268 3085.1196] [1555.6981 3123.34  ]
[ 458.64728 3171.116  ] [ 698.11206 2006.2081 ]
[ 429.9818 3171.116 ] [1460.1466 3206.9478]
[1178.8668 2468.8123] [2164.242 2483.145]
[ 483.72955 3077.9531 ] [ 296.40002 1568.4    ]
[ 537.4773 3077.9531] [1547.9346 3113.7852]
[ 942.37683 3103.0354 ] [1963.5836 3138.8672]
[1017.62366 3060.0374 ] [2031.6641 3095.8691]
[ 487.31274 3110.202  ] [1985.4722 3269.3762]
[3153.2    1662.5964] [1646.4 1910.4]
[3149.617  1780.8414] [ 706.68304 1995.633  ]
[ 809.7991 2002.9987] [1777.2582 2038.8304]
[1831.006  3242.7795] [ 166. 1104.]
[1289.9454 2991.9568] [2314.7356 3024.2056]
[ 601.97455 2780.549  ] [ 962.4961 1980.2882]
[ 580.47546 2913.127  ] [1160. 1838.]
[ 738.13544 3027.7886 ] [1745.0095 3063.6206]
[1017.62366 3045.7046 ] [ 991.2    1908.0001]
[3325.1929 3052.8708] [1863.6001 3158.4001]
